%YAML:1.0
cfg_avt_000_00: 1
cfg_avt_000_01: 1.0000000149011612e-01
cfg_avt_000_02: 1.0000000149011612e-01
cfg_avt_000_03: 4.0000000596046448e-01
cfg_avt_000_04: 4.0000000596046448e-01
cfg_avt_000_05: 6.0000002384185791e-01
cfg_avt_000_06: 6.0000002384185791e-01
cfg_avt_000_07: 0
cfg_avt_000_08: 0
cfg_avt_000_09: 5.0000000000000000e-01
cfg_avt_000_10: 5.0000000000000000e-01
cfg_avt_000_11: 8.9999997615814209e-01
cfg_avt_000_12: 8.9999997615814209e-01
cfg_avt_000_13: 0
cfg_avt_000_14: 0
cfg_avt_000_15: 0
cfg_avt_001_00: 0
cfg_avt_001_01: 9600
cfg_avt_001_02: 8
cfg_avt_001_03: 0
cfg_avt_001_04: 1.
cfg_avt_001_05: 3
cfg_avt_001_06: "192.168.0.65"
cfg_avt_001_07: 80
cfg_avt_001_08: 0
cfg_avt_001_09: 1
cfg_avt_001_10: 0
cfg_avt_001_11: 0
cfg_avt_001_12: 0
cfg_avt_001_13: 0
cfg_avt_001_14: 0
cfg_avt_001_15: 0
cfg_avt_002_00: 1
cfg_avt_002_01: 1
cfg_avt_002_02: 0
cfg_avt_002_03: 0
cfg_avt_002_04: 0
cfg_avt_002_05: 0
cfg_avt_002_06: 0
cfg_avt_002_07: 0
cfg_avt_002_08: 0
cfg_avt_002_09: 0
cfg_avt_002_10: 0
cfg_avt_002_11: 0
cfg_avt_002_12: 0
cfg_avt_002_13: 0
cfg_avt_002_14: 0
cfg_avt_002_15: 0
cfg_avt_003_00: 2.8000000119209290e-01
cfg_avt_003_01: 3.7999999523162842e-01
cfg_avt_003_02: 1.2500000186264515e-02
cfg_avt_003_03: 80.
cfg_avt_003_04: 5000.
cfg_avt_003_05: 10.
cfg_avt_003_06: 0.
cfg_avt_003_07: 4.
cfg_avt_003_08: 0.
cfg_avt_003_09: 20.
cfg_avt_003_10: 10.
cfg_avt_003_11: 30.
cfg_avt_003_12: 20.
cfg_avt_003_13: 600.
cfg_avt_003_14: 450.
cfg_avt_003_15: 5000.
cfg_avt_004_00: 256.
cfg_avt_004_01: 128.
cfg_avt_004_02: 64.
cfg_avt_004_03: 10.
cfg_avt_004_04: 1.
cfg_avt_004_05: 0.
cfg_avt_004_06: 0.
cfg_avt_004_07: 40.
cfg_avt_004_08: 0.
cfg_avt_004_09: 0.
cfg_avt_004_10: 8.
cfg_avt_004_11: 8.
cfg_avt_004_12: 0.
cfg_avt_004_13: 0.
cfg_avt_004_14: 0.
cfg_avt_004_15: 0.
cfg_avt_005_00: 5.0000000000000000e-01
cfg_avt_005_01: 500.
cfg_avt_005_02: 30.
cfg_avt_005_03: 1.
cfg_avt_005_04: 30.
cfg_avt_005_05: 50.
cfg_avt_005_06: 1.0000000149011612e-01
cfg_avt_005_07: 0.
cfg_avt_005_08: 3.
cfg_avt_005_09: 2.
cfg_avt_005_10: 5.0000000000000000e-01
cfg_avt_005_11: 3.0000001192092896e-01
cfg_avt_005_12: 7.9999998211860657e-02
cfg_avt_005_13: 2.5000000000000000e+00
cfg_avt_005_14: 9.9999997473787516e-06
cfg_avt_005_15: 2.4999999441206455e-03
cfg_avt_006_00: 1
cfg_avt_006_01: 120
cfg_avt_006_02: 60
cfg_avt_006_03: 1
cfg_avt_006_04: "通道1"
cfg_avt_006_05: 2
cfg_avt_006_06: 0
cfg_avt_006_07: 1
cfg_avt_006_08: 2
cfg_avt_006_09: 0
cfg_avt_006_10: 0
cfg_avt_006_11: 0
cfg_avt_006_12: 0
cfg_avt_006_13: 0
cfg_avt_006_14: 0
cfg_avt_006_15: 0
cfg_avt_007_00: 1
cfg_avt_007_01: 120
cfg_avt_007_02: 60
cfg_avt_007_03: 1
cfg_avt_007_04: "通道2"
cfg_avt_007_05: 2
cfg_avt_007_06: 0
cfg_avt_007_07: 1
cfg_avt_007_08: 2
cfg_avt_007_09: 0
cfg_avt_007_10: 0
cfg_avt_007_11: 0
cfg_avt_007_12: 0
cfg_avt_007_13: 0
cfg_avt_007_14: 0
cfg_avt_007_15: 0
cfg_avt_008_00: 1
cfg_avt_008_01: 120
cfg_avt_008_02: 60
cfg_avt_008_03: 1
cfg_avt_008_04: "通道3"
cfg_avt_008_05: 2
cfg_avt_008_06: 0
cfg_avt_008_07: 1
cfg_avt_008_08: 2
cfg_avt_008_09: 0
cfg_avt_008_10: 0
cfg_avt_008_11: 0
cfg_avt_008_12: 0
cfg_avt_008_13: 0
cfg_avt_008_14: 0
cfg_avt_008_15: 0
cfg_avt_009_00: 1
cfg_avt_009_01: 120
cfg_avt_009_02: 60
cfg_avt_009_03: 1
cfg_avt_009_04: "通道4"
cfg_avt_009_05: 2
cfg_avt_009_06: 0
cfg_avt_009_07: 1
cfg_avt_009_08: 2
cfg_avt_009_09: 0
cfg_avt_009_10: 0
cfg_avt_009_11: 0
cfg_avt_009_12: 0
cfg_avt_009_13: 0
cfg_avt_009_14: 0
cfg_avt_009_15: 0
cfg_avt_010_00: 1
cfg_avt_010_01: 120
cfg_avt_010_02: 60
cfg_avt_010_03: 1
cfg_avt_010_04: "通道5"
cfg_avt_010_05: 2
cfg_avt_010_06: 0
cfg_avt_010_07: 1
cfg_avt_010_08: 2
cfg_avt_010_09: 0
cfg_avt_010_10: 0
cfg_avt_010_11: 0
cfg_avt_010_12: 0
cfg_avt_010_13: 0
cfg_avt_010_14: 0
cfg_avt_010_15: 0
cfg_avt_011_00: 0
cfg_avt_011_01: 0
cfg_avt_011_02: 0
cfg_avt_011_03: 1
cfg_avt_011_04: ""
cfg_avt_011_05: 2
cfg_avt_011_06: 0
cfg_avt_011_07: 1
cfg_avt_011_08: 2
cfg_avt_011_09: 0
cfg_avt_011_10: 0
cfg_avt_011_11: 0
cfg_avt_011_12: 0
cfg_avt_011_13: 0
cfg_avt_011_14: 0
cfg_avt_011_15: 0
cfg_avt_012_00: 0
cfg_avt_012_01: 0
cfg_avt_012_02: 0
cfg_avt_012_03: 1
cfg_avt_012_04: ""
cfg_avt_012_05: 2
cfg_avt_012_06: 0
cfg_avt_012_07: 1
cfg_avt_012_08: 2
cfg_avt_012_09: 0
cfg_avt_012_10: 0
cfg_avt_012_11: 0
cfg_avt_012_12: 0
cfg_avt_012_13: 0
cfg_avt_012_14: 0
cfg_avt_012_15: 0
cfg_avt_013_00: 0
cfg_avt_013_01: 0
cfg_avt_013_02: 0
cfg_avt_013_03: 1
cfg_avt_013_04: ""
cfg_avt_013_05: 2
cfg_avt_013_06: 0
cfg_avt_013_07: 1
cfg_avt_013_08: 2
cfg_avt_013_09: 0
cfg_avt_013_10: 0
cfg_avt_013_11: 0
cfg_avt_013_12: 0
cfg_avt_013_13: 0
cfg_avt_013_14: 0
cfg_avt_013_15: 0
cfg_avt_014_00: 0
cfg_avt_014_01: 0
cfg_avt_014_02: 0
cfg_avt_014_03: 1
cfg_avt_014_04: ""
cfg_avt_014_05: 2
cfg_avt_014_06: 0
cfg_avt_014_07: 1
cfg_avt_014_08: 2
cfg_avt_014_09: 0
cfg_avt_014_10: 0
cfg_avt_014_11: 0
cfg_avt_014_12: 0
cfg_avt_014_13: 0
cfg_avt_014_14: 0
cfg_avt_014_15: 0
cfg_avt_015_00: 0
cfg_avt_015_01: 0
cfg_avt_015_02: 0
cfg_avt_015_03: 1
cfg_avt_015_04: ""
cfg_avt_015_05: 2
cfg_avt_015_06: 0
cfg_avt_015_07: 1
cfg_avt_015_08: 2
cfg_avt_015_09: 0
cfg_avt_015_10: 0
cfg_avt_015_11: 0
cfg_avt_015_12: 0
cfg_avt_015_13: 0
cfg_avt_015_14: 0
cfg_avt_015_15: 0
cfg_avt_016_00: 0
cfg_avt_016_01: 0
cfg_avt_016_02: 0
cfg_avt_016_03: 1
cfg_avt_016_04: ""
cfg_avt_016_05: 2
cfg_avt_016_06: 0
cfg_avt_016_07: 1
cfg_avt_016_08: 2
cfg_avt_016_09: 0
cfg_avt_016_10: 0
cfg_avt_016_11: 0
cfg_avt_016_12: 0
cfg_avt_016_13: 0
cfg_avt_016_14: 0
cfg_avt_016_15: 0
cfg_avt_017_00: 0
cfg_avt_017_01: 0
cfg_avt_017_02: 0
cfg_avt_017_03: 1
cfg_avt_017_04: ""
cfg_avt_017_05: 2
cfg_avt_017_06: 0
cfg_avt_017_07: 1
cfg_avt_017_08: 2
cfg_avt_017_09: 0
cfg_avt_017_10: 0
cfg_avt_017_11: 0
cfg_avt_017_12: 0
cfg_avt_017_13: 0
cfg_avt_017_14: 0
cfg_avt_017_15: 0
cfg_avt_018_00: 0
cfg_avt_018_01: 0
cfg_avt_018_02: 0
cfg_avt_018_03: 1
cfg_avt_018_04: ""
cfg_avt_018_05: 2
cfg_avt_018_06: 0
cfg_avt_018_07: 1
cfg_avt_018_08: 2
cfg_avt_018_09: 0
cfg_avt_018_10: 0
cfg_avt_018_11: 0
cfg_avt_018_12: 0
cfg_avt_018_13: 0
cfg_avt_018_14: 0
cfg_avt_018_15: 0
cfg_avt_019_00: 0
cfg_avt_019_01: 0
cfg_avt_019_02: 0
cfg_avt_019_03: 1
cfg_avt_019_04: ""
cfg_avt_019_05: 2
cfg_avt_019_06: 0
cfg_avt_019_07: 1
cfg_avt_019_08: 2
cfg_avt_019_09: 0
cfg_avt_019_10: 0
cfg_avt_019_11: 0
cfg_avt_019_12: 0
cfg_avt_019_13: 0
cfg_avt_019_14: 0
cfg_avt_019_15: 0
cfg_avt_020_00: 0
cfg_avt_020_01: 0
cfg_avt_020_02: 0
cfg_avt_020_03: 1
cfg_avt_020_04: ""
cfg_avt_020_05: 2
cfg_avt_020_06: 0
cfg_avt_020_07: 1
cfg_avt_020_08: 2
cfg_avt_020_09: 0
cfg_avt_020_10: 0
cfg_avt_020_11: 0
cfg_avt_020_12: 0
cfg_avt_020_13: 0
cfg_avt_020_14: 0
cfg_avt_020_15: 0
cfg_avt_021_00: 0
cfg_avt_021_01: 0
cfg_avt_021_02: 0
cfg_avt_021_03: 1
cfg_avt_021_04: ""
cfg_avt_021_05: 2
cfg_avt_021_06: 0
cfg_avt_021_07: 1
cfg_avt_021_08: 2
cfg_avt_021_09: 0
cfg_avt_021_10: 0
cfg_avt_021_11: 0
cfg_avt_021_12: 0
cfg_avt_021_13: 0
cfg_avt_021_14: 0
cfg_avt_021_15: 0
cfg_avt_022_00: 0
cfg_avt_022_01: 0
cfg_avt_022_02: 0
cfg_avt_022_03: 0
cfg_avt_022_04: 0
cfg_avt_022_05: 2
cfg_avt_022_06: 5
cfg_avt_022_07: 0
cfg_avt_022_08: 3
cfg_avt_022_09: 16
cfg_avt_022_10: 960
cfg_avt_022_11: 540
cfg_avt_022_12: 960
cfg_avt_022_13: 540
cfg_avt_022_14: 1920
cfg_avt_022_15: 1080
cfg_avt_023_00: 0
cfg_avt_023_01: 0
cfg_avt_023_02: 5.9299999237060547e+01
cfg_avt_023_03: 30.
cfg_avt_023_04: 3.
cfg_avt_023_05: 30.
cfg_avt_023_06: 3.
cfg_avt_023_07: 30.
cfg_avt_023_08: 3.
cfg_avt_023_09: 30.
cfg_avt_023_10: 3.
cfg_avt_023_11: 30.
cfg_avt_023_12: 3.
cfg_avt_023_13: 30.
cfg_avt_023_14: 3.
cfg_avt_023_15: 30.
cfg_avt_024_00: 3.
cfg_avt_024_01: 30.
cfg_avt_024_02: 3.
cfg_avt_024_03: 30.
cfg_avt_024_04: 3.
cfg_avt_024_05: 30.
cfg_avt_024_06: 3.
cfg_avt_024_07: 30.
cfg_avt_024_08: 3.
cfg_avt_024_09: 30.
cfg_avt_024_10: 3.
cfg_avt_024_11: 30.
cfg_avt_024_12: 0
cfg_avt_024_13: 0
cfg_avt_024_14: 0
cfg_avt_024_15: 0
cfg_avt_025_00: 0
cfg_avt_025_01: 0
cfg_avt_025_02: 0
cfg_avt_025_03: 2849.
cfg_avt_025_04: 65535.
cfg_avt_025_05: 65535.
cfg_avt_025_06: 65535.
